# unix_time, cycles_done, cur_path, paths_total, pending_total, pending_favs, map_size, unique_crashes, unique_hangs, max_depth, execs_per_sec
1571017294, 0, 0, 3, 3, 3, 0.19%, 0, 0, 1, 24.39
1571017299, 0, 0, 9, 9, 3, 0.20%, 0, 0, 2, 25.29
1571017304, 0, 0, 15, 15, 3, 0.20%, 0, 0, 2, 25.91
1571017309, 0, 0, 22, 22, 3, 0.21%, 0, 0, 2, 26.08
1571017314, 0, 0, 23, 23, 3, 0.21%, 0, 0, 2, 25.94
1571017319, 0, 0, 24, 24, 3, 0.21%, 0, 0, 2, 26.06
1571017324, 0, 0, 25, 25, 3, 0.21%, 0, 0, 2, 25.97
1571017334, 0, 0, 27, 27, 3, 0.22%, 0, 0, 2, 25.65
1571017340, 0, 0, 29, 29, 3, 0.22%, 0, 0, 2, 25.73
1571017345, 0, 0, 30, 30, 3, 0.22%, 0, 0, 2, 25.65
1571017381, 0, 0, 31, 31, 3, 0.22%, 0, 0, 2, 25.02
1571017401, 0, 0, 32, 32, 3, 0.22%, 0, 0, 2, 23.82
1571017411, 0, 0, 35, 35, 3, 0.22%, 0, 0, 2, 25.41
1571017426, 0, 0, 36, 36, 3, 0.22%, 0, 0, 2, 25.68
1571017431, 0, 0, 37, 37, 3, 0.22%, 0, 0, 2, 25.96
1571017442, 0, 0, 38, 38, 3, 0.22%, 0, 0, 2, 26.02
1571017452, 0, 0, 39, 39, 3, 0.22%, 0, 0, 2, 25.90
1571017462, 0, 0, 40, 40, 3, 0.22%, 0, 0, 2, 26.04
1571017467, 0, 0, 41, 41, 3, 0.22%, 0, 0, 2, 26.17
1571017488, 0, 0, 42, 42, 3, 0.22%, 0, 0, 2, 25.89
1571017508, 0, 0, 43, 43, 3, 0.22%, 0, 0, 2, 25.78
1571017513, 0, 0, 44, 44, 3, 0.22%, 0, 0, 2, 24.65
1571017534, 0, 0, 45, 45, 3, 0.22%, 0, 0, 2, 24.78
1571017544, 0, 0, 46, 46, 3, 0.22%, 0, 0, 2, 24.23
1571017652, 0, 0, 47, 47, 3, 0.22%, 0, 0, 2, 25.85
1571017657, 0, 0, 51, 51, 3, 0.22%, 0, 0, 2, 25.82
1571017662, 0, 0, 52, 52, 3, 0.22%, 0, 0, 2, 25.30
1571017718, 0, 0, 53, 53, 3, 0.22%, 0, 0, 2, 24.52
1571017789, 0, 0, 54, 54, 3, 0.22%, 0, 0, 2, 25.42
1571017841, 0, 0, 55, 55, 3, 0.22%, 0, 0, 2, 27.70
1571017907, 0, 0, 56, 56, 3, 0.22%, 0, 0, 2, 27.80
1571017968, 0, 0, 61, 61, 3, 0.22%, 0, 0, 2, 27.78
1571017973, 0, 0, 70, 70, 3, 0.23%, 0, 0, 2, 27.32
1571017978, 0, 0, 77, 77, 3, 0.23%, 0, 0, 2, 26.97
1571017983, 0, 0, 79, 79, 3, 0.23%, 0, 0, 2, 26.82
1571017988, 0, 0, 81, 81, 3, 0.23%, 0, 0, 2, 28.23
1571017993, 0, 0, 85, 85, 3, 0.23%, 0, 0, 2, 27.83
1571017998, 0, 0, 86, 86, 3, 0.23%, 0, 0, 2, 27.31
1571018004, 0, 0, 87, 87, 3, 0.23%, 0, 0, 2, 27.92
1571018009, 0, 0, 88, 88, 3, 0.23%, 0, 0, 2, 27.58
1571018014, 0, 0, 91, 91, 3, 0.23%, 0, 0, 2, 28.91
1571018024, 0, 0, 93, 93, 3, 0.23%, 0, 0, 2, 28.32
1571018029, 0, 0, 94, 94, 3, 0.23%, 0, 0, 2, 27.56
1571018044, 0, 0, 97, 97, 3, 0.23%, 0, 0, 2, 28.20
1571018050, 0, 0, 98, 98, 3, 0.23%, 0, 0, 2, 28.19
1571018060, 0, 0, 99, 99, 3, 0.23%, 0, 0, 2, 27.38
1571018065, 0, 0, 100, 100, 3, 0.23%, 0, 0, 2, 27.67
1571018075, 0, 0, 101, 101, 3, 0.23%, 0, 0, 2, 25.66
1571018080, 0, 0, 102, 102, 3, 0.23%, 0, 0, 2, 25.34
1571018086, 0, 0, 103, 103, 3, 0.23%, 0, 0, 2, 27.38
1571018096, 0, 0, 104, 104, 3, 0.23%, 0, 0, 2, 28.90
1571018193, 0, 0, 105, 105, 3, 0.23%, 0, 0, 2, 26.51
1571018223, 0, 1, 105, 104, 11, 0.23%, 0, 0, 2, 27.10
1571018417, 0, 1, 106, 105, 11, 0.23%, 0, 0, 2, 27.53
1571018427, 0, 1, 107, 106, 11, 0.23%, 0, 0, 2, 28.18
1571018442, 0, 2, 107, 105, 10, 0.23%, 0, 0, 2, 28.89
1571018478, 0, 46, 107, 104, 9, 0.23%, 0, 0, 2, 29.04
1571018529, 0, 47, 107, 103, 8, 0.23%, 0, 0, 2, 29.18
1571018554, 0, 57, 107, 102, 7, 0.23%, 0, 0, 2, 28.94
